<?xml version="1.0"?>
<opencv_storage>
<left_cam_Intrinsic_matrix type_id="opencv-matrix">
  <rows>3</rows>
  <cols>3</cols>
  <dt>d</dt>
  <data>
    4.8017786871717371e+03 0. 1.0131412948472741e+03 0.
    4.8004385882733368e+03 1.0459727191388190e+03 0. 0. 1.</data></left_cam_Intrinsic_matrix>
<left_cam_dist type_id="opencv-matrix">
  <rows>1</rows>
  <cols>5</cols>
  <dt>d</dt>
  <data>
    -3.5812039763197114e-02 -3.9654635738439175e+00
    1.0572335468907489e-03 -1.6284260029878527e-03
    1.1464200814137148e+02</data></left_cam_dist>
<right_cam_Intrinsic_matrix type_id="opencv-matrix">
  <rows>3</rows>
  <cols>3</cols>
  <dt>d</dt>
  <data>
    4.8488301602407546e+03 0. 9.8948776030457270e+02 0.
    4.8351748137500708e+03 1.1071155615231155e+03 0. 0. 1.</data></right_cam_Intrinsic_matrix>
<right_cam_dist type_id="opencv-matrix">
  <rows>1</rows>
  <cols>5</cols>
  <dt>d</dt>
  <data>
    -1.3880794408750829e-03 -5.1701914568699414e-01
    2.5264114258214216e-03 9.3226845978114977e-03 1.6018848379583265e+01</data></right_cam_dist>
<rvecs_left>
  <_ type_id="opencv-matrix">
    <rows>3</rows>
    <cols>1</cols>
    <dt>d</dt>
    <data>
      -2.0127848574498981e+00 2.0824079003436959e+00
      -2.8818764191403762e-01</data></_>
  <_ type_id="opencv-matrix">
    <rows>3</rows>
    <cols>1</cols>
    <dt>d</dt>
    <data>
      -2.1039339476514800e+00 2.2392831228830077e+00
      -5.3444608732855881e-01</data></_>
  <_ type_id="opencv-matrix">
    <rows>3</rows>
    <cols>1</cols>
    <dt>d</dt>
    <data>
      2.1745223577499382e+00 -2.2353754711978278e+00
      1.1607393637448946e-01</data></_>
  <_ type_id="opencv-matrix">
    <rows>3</rows>
    <cols>1</cols>
    <dt>d</dt>
    <data>
      -2.0813258056287016e+00 2.1542113902298188e+00
      -3.1378674698371806e-01</data></_>
  <_ type_id="opencv-matrix">
    <rows>3</rows>
    <cols>1</cols>
    <dt>d</dt>
    <data>
      1.9964677874687835e+00 -2.1804752852383209e+00
      5.6919440484133832e-01</data></_>
  <_ type_id="opencv-matrix">
    <rows>3</rows>
    <cols>1</cols>
    <dt>d</dt>
    <data>
      -2.0174641633091510e+00 2.1082644874053376e+00
      -2.1581059986514370e-01</data></_>
  <_ type_id="opencv-matrix">
    <rows>3</rows>
    <cols>1</cols>
    <dt>d</dt>
    <data>
      2.0749098889911322e+00 -2.1350757714094781e+00
      -9.1560094184410579e-02</data></_>
  <_ type_id="opencv-matrix">
    <rows>3</rows>
    <cols>1</cols>
    <dt>d</dt>
    <data>
      -2.0273479240151784e+00 2.0830368987953580e+00
      -3.1565278779460965e-01</data></_>
  <_ type_id="opencv-matrix">
    <rows>3</rows>
    <cols>1</cols>
    <dt>d</dt>
    <data>
      -2.3326826609416127e+00 1.7607224918831772e+00
      -5.9689281622901302e-01</data></_>
  <_ type_id="opencv-matrix">
    <rows>3</rows>
    <cols>1</cols>
    <dt>d</dt>
    <data>
      -2.2133121537060614e+00 1.9293597781816942e+00
      -6.9812429999492198e-01</data></_>
  <_ type_id="opencv-matrix">
    <rows>3</rows>
    <cols>1</cols>
    <dt>d</dt>
    <data>
      2.0550828386759394e+00 -2.1591883477922837e+00
      3.9838529144480456e-01</data></_>
  <_ type_id="opencv-matrix">
    <rows>3</rows>
    <cols>1</cols>
    <dt>d</dt>
    <data>
      -2.0058110353162837e+00 2.1630390816058505e+00
      -6.6077623249636797e-01</data></_>
  <_ type_id="opencv-matrix">
    <rows>3</rows>
    <cols>1</cols>
    <dt>d</dt>
    <data>
      2.0700646483478313e+00 -2.1189393122413218e+00
      5.8083195144910749e-01</data></_>
  <_ type_id="opencv-matrix">
    <rows>3</rows>
    <cols>1</cols>
    <dt>d</dt>
    <data>
      -2.0760045035997905e+00 2.2400447177694716e+00
      -4.1425491014436000e-01</data></_></rvecs_left>
<tvecs_left>
  <_ type_id="opencv-matrix">
    <rows>3</rows>
    <cols>1</cols>
    <dt>d</dt>
    <data>
      2.2490441065044955e+01 3.3248347888257392e+01
      4.7426171699422650e+02</data></_>
  <_ type_id="opencv-matrix">
    <rows>3</rows>
    <cols>1</cols>
    <dt>d</dt>
    <data>
      2.3213551506996286e+01 3.3831119772188110e+01
      4.6212901002660203e+02</data></_>
  <_ type_id="opencv-matrix">
    <rows>3</rows>
    <cols>1</cols>
    <dt>d</dt>
    <data>
      2.1583106036313314e+01 3.3899290071752560e+01
      4.5361682449766312e+02</data></_>
  <_ type_id="opencv-matrix">
    <rows>3</rows>
    <cols>1</cols>
    <dt>d</dt>
    <data>
      8.4057821713427963e+00 3.3433232940918785e+01
      4.6126479642157551e+02</data></_>
  <_ type_id="opencv-matrix">
    <rows>3</rows>
    <cols>1</cols>
    <dt>d</dt>
    <data>
      1.1014264165238473e+01 3.3370750276851226e+01
      4.5989161189424777e+02</data></_>
  <_ type_id="opencv-matrix">
    <rows>3</rows>
    <cols>1</cols>
    <dt>d</dt>
    <data>
      1.5702891989479864e+01 3.3921680517907603e+01
      4.4813599584758015e+02</data></_>
  <_ type_id="opencv-matrix">
    <rows>3</rows>
    <cols>1</cols>
    <dt>d</dt>
    <data>
      1.2781562000517901e+01 3.3793483488295749e+01
      4.4706169623766857e+02</data></_>
  <_ type_id="opencv-matrix">
    <rows>3</rows>
    <cols>1</cols>
    <dt>d</dt>
    <data>
      3.0548083328014233e+01 3.4055988569310287e+01
      4.4428759079693060e+02</data></_>
  <_ type_id="opencv-matrix">
    <rows>3</rows>
    <cols>1</cols>
    <dt>d</dt>
    <data>
      3.7816669849815604e+01 3.2525160995164804e+01
      4.2831615155806094e+02</data></_>
  <_ type_id="opencv-matrix">
    <rows>3</rows>
    <cols>1</cols>
    <dt>d</dt>
    <data>
      3.3515310293638521e+01 3.3384478676009266e+01
      4.2737757720903846e+02</data></_>
  <_ type_id="opencv-matrix">
    <rows>3</rows>
    <cols>1</cols>
    <dt>d</dt>
    <data>
      4.2415750475853272e+01 3.4682421760293970e+01
      4.2607622902222283e+02</data></_>
  <_ type_id="opencv-matrix">
    <rows>3</rows>
    <cols>1</cols>
    <dt>d</dt>
    <data>
      4.3861327034464864e+01 3.4944829434008284e+01
      4.2070454897201688e+02</data></_>
  <_ type_id="opencv-matrix">
    <rows>3</rows>
    <cols>1</cols>
    <dt>d</dt>
    <data>
      4.1529831107202199e+01 3.4895457178661800e+01
      4.2237946797198589e+02</data></_>
  <_ type_id="opencv-matrix">
    <rows>3</rows>
    <cols>1</cols>
    <dt>d</dt>
    <data>
      6.0455953353178174e+01 3.3584681259948852e+01
      4.1491389573947441e+02</data></_></tvecs_left>
